% -------------------------------------------------------------------
%  Generated by MATLAB on 7-Mar-2016 08:07:53
%  MATLAB version: 8.6.0.267246 (R2015b)
% -------------------------------------------------------------------
                                

temp_loss = ...
  [1.6753569592368582 0.26069535407900818;
   1.1595350695608506 0.18774119944753653;
   0.88953333657280564 0.1441263711661025;
   0.803153399193722 0.13452374020492622;
   0.70863084605435156 0.11870421514127018;
   0.70443582718175013 0.12517469611529514;
   0.64348643380070858 0.11366604031616497;
   0.61555512333050078 0.10834553321487872;
   0.61484885270625456 0.11475212914834669;
   0.57073420542455722 0.10667385653469648;
   0.56243036943558322 0.1069001621034555;
   0.56280401651876677 0.1080628878672511;
   0.55141654375520932 0.10747941646440538;
   0.54916052580006158 0.10819445156533775;
   0.53775926276928177 0.10485568968299122];

